This file contains solutions for each single day (just one per day, more likely exist).

These solutions are for the puzzle with just two empty spots.

The format is: day/month

So if you're looking for 8th of April (as shown in the example imagine on the website), scroll down to:

Solution for: 8/4:
2 2 2 X 6 6 X 
2 4 4 4 4 6 X 
2 4 0 0 0 6 6 
X 0 0 1 1 5 5 
7 7 7 7 1 5 5 
3 3 7 1 1 5 5 
3 3 3 X X X X 

Here are ALL solutions:

Solution for: 1/1:
X 0 0 0 6 6 X 
0 0 1 1 1 6 X 
X 7 1 4 1 6 6 
7 7 3 4 4 4 4 
2 7 3 3 5 5 5 
2 7 3 3 5 5 5 
2 2 2 X X X X 
Solution for: 2/1:
X 0 0 0 6 6 X 
0 0 1 1 1 6 X 
2 X 1 7 1 6 6 
2 7 7 7 7 3 3 
2 2 2 4 3 3 3 
5 5 5 4 4 4 4 
5 5 5 X X X X 
Solution for: 3/1:
X 0 0 0 6 6 X 
0 0 1 1 4 6 X 
3 3 X 1 4 6 6 
3 3 1 1 4 5 5 
2 3 7 4 4 5 5 
2 7 7 7 7 5 5 
2 2 2 X X X X 
Solution for: 4/1:
X 0 0 0 6 6 X 
0 0 1 1 1 6 X 
3 3 1 X 1 6 6 
3 3 3 7 7 7 7 
5 5 2 2 2 7 4 
5 5 2 4 4 4 4 
5 5 2 X X X X 
Solution for: 5/1:
X 0 0 0 3 3 X 
0 0 7 3 3 3 X 
7 7 7 7 X 5 5 
6 6 1 1 1 5 5 
2 6 1 4 1 5 5 
2 6 6 4 4 4 4 
2 2 2 X X X X 
Solution for: 6/1:
X 0 0 0 3 3 X 
0 0 7 3 3 3 X 
6 7 7 7 7 X 4 
6 6 6 4 4 4 4 
2 1 6 1 5 5 5 
2 1 1 1 5 5 5 
2 2 2 X X X X 
Solution for: 7/1:
X 0 0 0 3 3 X 
0 0 6 3 3 3 X 
6 6 6 2 2 2 X 
6 4 4 2 1 1 1 
5 5 4 2 1 7 1 
5 5 4 7 7 7 7 
5 5 4 X X X X 
Solution for: 8/1:
X 0 0 0 6 6 X 
0 0 1 1 1 6 X 
4 4 1 7 1 6 6 
X 4 7 7 7 7 3 
2 4 5 5 5 3 3 
2 4 5 5 5 3 3 
2 2 2 X X X X 
Solution for: 9/1:
X 0 0 0 6 6 X 
0 0 3 3 3 6 X 
1 1 1 3 3 6 6 
1 X 1 7 7 7 7 
5 5 2 2 2 7 4 
5 5 2 4 4 4 4 
5 5 2 X X X X 
Solution for: 10/1:
X 0 0 0 6 6 X 
0 0 7 1 1 6 X 
7 7 7 7 1 6 6 
5 5 X 1 1 3 3 
5 5 2 4 3 3 3 
5 5 2 4 4 4 4 
2 2 2 X X X X 
Solution for: 11/1:
X 0 0 0 6 6 X 
0 0 2 2 2 6 X 
7 7 7 7 2 6 6 
4 4 7 X 2 1 1 
4 5 5 3 3 3 1 
4 5 5 3 3 1 1 
4 5 5 X X X X 
Solution for: 12/1:
X 0 0 0 1 1 X 
0 0 6 4 4 1 X 
6 6 6 4 1 1 7 
6 5 5 4 X 7 7 
2 5 5 4 3 3 7 
2 5 5 3 3 3 7 
2 2 2 X X X X 
Solution for: 13/1:
X 0 0 0 3 3 X 
0 0 1 1 3 3 X 
2 2 2 1 4 3 7 
2 6 1 1 4 X 7 
2 6 6 6 4 7 7 
5 5 5 6 4 4 7 
5 5 5 X X X X 
Solution for: 14/1:
X 0 0 0 6 6 X 
0 0 2 2 2 6 X 
7 7 7 7 2 6 6 
3 3 7 1 2 1 X 
3 3 3 1 1 1 4 
5 5 5 4 4 4 4 
5 5 5 X X X X 
Solution for: 15/1:
X 0 0 0 3 3 X 
0 0 7 3 3 3 X 
7 7 7 7 5 5 4 
1 1 6 6 5 5 4 
X 1 2 6 5 5 4 
1 1 2 6 6 4 4 
2 2 2 X X X X 
Solution for: 16/1:
X 0 0 0 6 6 X 
0 0 7 4 4 6 X 
7 7 7 7 4 6 6 
1 1 1 2 4 3 3 
1 X 1 2 4 3 3 
5 5 5 2 2 2 3 
5 5 5 X X X X 
Solution for: 17/1:
X 0 0 0 3 3 X 
0 0 6 3 3 3 X 
6 6 6 7 7 7 7 
6 1 1 1 7 5 5 
2 1 X 1 4 5 5 
2 4 4 4 4 5 5 
2 2 2 X X X X 
Solution for: 18/1:
X 0 0 0 6 2 X 
0 0 6 6 6 2 X 
5 5 6 2 2 2 7 
5 5 1 1 1 7 7 
5 5 1 X 1 4 7 
3 3 4 4 4 4 7 
3 3 3 X X X X 
Solution for: 19/1:
X 0 0 0 3 3 X 
0 0 6 6 3 3 X 
1 1 1 6 3 4 4 
1 7 1 6 6 2 4 
7 7 7 7 X 2 4 
5 5 5 2 2 2 4 
5 5 5 X X X X 
Solution for: 20/1:
X 0 0 0 3 3 X 
0 0 1 1 3 3 X 
2 2 2 1 4 3 7 
2 6 1 1 4 7 7 
2 6 6 6 4 X 7 
5 5 5 6 4 4 7 
5 5 5 X X X X 
Solution for: 21/1:
X 0 0 0 6 6 X 
0 0 1 1 1 6 X 
3 3 1 4 1 6 6 
3 3 3 4 4 4 4 
5 5 2 2 2 7 X 
5 5 2 7 7 7 7 
5 5 2 X X X X 
Solution for: 22/1:
X 0 0 0 6 6 X 
0 0 3 3 3 6 X 
2 2 2 3 3 6 6 
2 4 7 1 1 5 5 
2 4 7 7 1 5 5 
X 4 7 1 1 5 5 
4 4 7 X X X X 
Solution for: 23/1:
X 0 0 0 3 3 X 
0 0 6 3 3 3 X 
4 4 6 6 6 5 5 
4 1 1 1 6 5 5 
4 1 2 1 7 5 5 
4 X 2 7 7 7 7 
2 2 2 X X X X 
Solution for: 24/1:
X 0 0 0 4 4 X 
0 0 5 5 5 4 X 
3 3 5 5 5 4 7 
3 3 3 6 6 4 7 
2 1 1 1 6 7 7 
2 1 X 1 6 6 7 
2 2 2 X X X X 
Solution for: 25/1:
X 0 0 0 6 6 X 
0 0 1 1 1 6 X 
5 5 1 7 1 6 6 
5 5 7 7 7 7 2 
5 5 4 4 4 4 2 
3 3 4 X 2 2 2 
3 3 3 X X X X 
Solution for: 26/1:
X 0 0 0 5 5 X 
0 0 6 6 5 5 X 
2 2 2 6 5 5 7 
2 4 4 6 6 7 7 
2 3 4 1 1 1 7 
3 3 4 1 X 1 7 
3 3 4 X X X X 
Solution for: 27/1:
X 0 0 0 5 5 X 
0 0 4 4 5 5 X 
1 1 1 4 5 5 7 
1 3 1 4 6 6 7 
3 3 2 4 6 7 7 
3 3 2 6 6 X 7 
2 2 2 X X X X 
Solution for: 28/1:
X 0 0 0 6 6 X 
0 0 1 1 1 6 X 
5 5 1 4 1 6 6 
5 5 2 4 4 4 4 
5 5 2 7 7 7 7 
3 3 2 2 2 7 X 
3 3 3 X X X X 
Solution for: 29/1:
X 0 0 0 6 6 X 
0 0 7 1 1 6 X 
7 7 7 7 1 6 6 
2 2 2 1 1 5 5 
2 4 4 4 4 5 5 
2 3 3 3 4 5 5 
X 3 3 X X X X 
Solution for: 30/1:
X 0 0 0 6 6 X 
0 0 2 2 2 6 X 
5 5 2 7 4 6 6 
5 5 2 7 4 3 3 
5 5 7 7 4 3 3 
1 1 1 7 4 4 3 
1 X 1 X X X X 
Solution for: 31/1:
X 0 0 0 6 6 X 
0 0 7 1 1 6 X 
7 7 7 7 1 6 6 
2 2 2 1 1 3 3 
5 5 2 4 3 3 3 
5 5 2 4 4 4 4 
5 5 X X X X X 
Solution for: 1/2:
1 X 1 2 2 2 X 
1 1 1 6 6 2 X 
X 0 0 0 6 2 7 
0 0 3 3 6 6 7 
5 5 3 3 3 7 7 
5 5 4 4 4 4 7 
5 5 4 X X X X 
Solution for: 2/2:
4 X 0 0 0 6 X 
4 0 0 6 6 6 X 
4 X 1 6 1 3 3 
4 4 1 1 1 3 3 
5 5 2 2 2 7 3 
5 5 2 7 7 7 7 
5 5 2 X X X X 
Solution for: 3/2:
7 X 0 0 0 6 X 
7 0 0 6 6 6 X 
7 7 X 6 1 1 1 
7 5 5 5 1 3 1 
2 5 5 5 4 3 3 
2 4 4 4 4 3 3 
2 2 2 X X X X 
Solution for: 4/2:
3 X 4 5 5 5 X 
3 3 4 5 5 5 X 
3 3 4 X 0 0 0 
7 4 4 0 0 6 2 
7 1 1 6 6 6 2 
7 7 1 6 2 2 2 
7 1 1 X X X X 
Solution for: 5/2:
2 X 0 0 0 6 X 
2 0 0 6 6 6 X 
2 2 2 6 X 4 4 
5 5 5 1 1 1 4 
5 5 5 1 7 1 4 
3 3 7 7 7 7 4 
3 3 3 X X X X 
Solution for: 6/2:
2 X 0 0 0 6 X 
2 0 0 6 6 6 X 
2 2 2 6 1 X 1 
3 3 3 7 1 1 1 
3 3 7 7 7 7 4 
5 5 5 4 4 4 4 
5 5 5 X X X X 
Solution for: 7/2:
2 X 0 0 0 7 X 
2 0 0 6 6 7 X 
2 2 2 6 7 7 X 
3 3 6 6 1 7 1 
3 3 3 4 1 1 1 
5 5 5 4 4 4 4 
5 5 5 X X X X 
Solution for: 8/2:
2 X 0 0 0 6 X 
2 0 0 6 6 6 X 
2 2 2 6 1 1 7 
X 5 5 5 1 7 7 
3 5 5 5 1 1 7 
3 3 4 4 4 4 7 
3 3 4 X X X X 
Solution for: 9/2:
7 X 0 0 0 6 X 
7 0 0 6 6 6 X 
7 7 1 6 1 3 3 
7 X 1 1 1 3 3 
5 5 2 2 2 3 4 
5 5 2 4 4 4 4 
5 5 2 X X X X 
Solution for: 10/2:
2 X 0 0 0 6 X 
2 0 0 6 6 6 X 
2 2 2 6 5 5 5 
4 1 X 1 5 5 5 
4 1 1 1 3 3 3 
4 7 7 7 7 3 3 
4 4 7 X X X X 
Solution for: 11/2:
4 X 0 0 0 6 X 
4 0 0 6 6 6 X 
4 1 1 6 5 5 5 
4 4 1 X 5 5 5 
2 1 1 7 3 3 3 
2 7 7 7 7 3 3 
2 2 2 X X X X 
Solution for: 12/2:
3 X 2 2 2 6 X 
3 3 2 6 6 6 X 
3 3 2 6 1 1 4 
7 5 5 5 X 1 4 
7 5 5 5 1 1 4 
7 7 0 0 0 4 4 
7 0 0 X X X X 
Solution for: 13/2:
2 X 0 0 0 6 X 
2 0 0 6 6 6 X 
2 2 2 6 1 1 1 
3 3 3 7 1 X 1 
3 3 7 7 7 7 4 
5 5 5 4 4 4 4 
5 5 5 X X X X 
Solution for: 14/2:
1 X 1 5 5 5 X 
1 1 1 5 5 5 X 
7 7 7 7 0 0 0 
4 4 7 0 0 3 X 
4 2 2 2 6 3 3 
4 2 6 6 6 3 3 
4 2 6 X X X X 
Solution for: 15/2:
4 X 0 0 0 6 X 
4 0 0 6 6 6 X 
4 1 1 6 2 2 2 
4 4 1 3 3 3 2 
X 1 1 3 3 7 2 
5 5 5 7 7 7 7 
5 5 5 X X X X 
Solution for: 16/2:
1 X 1 5 5 5 X 
1 1 1 5 5 5 X 
7 7 7 7 0 0 0 
4 4 7 0 0 6 2 
4 X 3 6 6 6 2 
4 3 3 6 2 2 2 
4 3 3 X X X X 
Solution for: 17/2:
2 X 0 0 0 6 X 
2 0 0 6 6 6 X 
2 2 2 6 5 5 5 
4 1 1 1 5 5 5 
4 1 X 1 3 3 3 
4 7 7 7 7 3 3 
4 4 7 X X X X 
Solution for: 18/2:
2 X 4 4 4 4 X 
2 7 7 7 7 4 X 
2 2 2 7 0 0 0 
1 1 1 0 0 5 5 
1 3 1 X 6 5 5 
3 3 6 6 6 5 5 
3 3 6 X X X X 
Solution for: 19/2:
2 X 0 0 0 6 X 
2 0 0 6 6 6 X 
2 2 2 6 1 1 1 
4 5 5 5 1 3 1 
4 5 5 5 X 3 3 
4 7 7 7 7 3 3 
4 4 7 X X X X 
Solution for: 20/2:
7 X 4 4 4 4 X 
7 7 0 0 0 4 X 
7 0 0 6 5 5 5 
7 6 6 6 5 5 5 
2 6 3 3 1 X 1 
2 3 3 3 1 1 1 
2 2 2 X X X X 
Solution for: 21/2:
3 X 7 5 5 5 X 
3 3 7 5 5 5 X 
3 3 7 7 0 0 0 
4 4 7 0 0 1 1 
4 2 2 2 6 1 X 
4 2 6 6 6 1 1 
4 2 6 X X X X 
Solution for: 22/2:
0 X 7 1 1 1 X 
0 0 7 1 6 1 X 
2 0 7 7 6 6 6 
2 0 7 5 5 5 6 
2 2 2 5 5 5 4 
X 3 3 4 4 4 4 
3 3 3 X X X X 
Solution for: 23/2:
2 X 0 0 0 6 X 
2 0 0 6 6 6 X 
2 2 2 6 5 5 5 
3 3 3 7 5 5 5 
3 3 7 7 7 7 4 
1 X 1 4 4 4 4 
1 1 1 X X X X 
Solution for: 24/2:
3 X 7 5 5 5 X 
3 3 7 5 5 5 X 
3 3 7 7 0 0 0 
4 4 7 0 0 6 2 
4 1 1 6 6 6 2 
4 1 X 6 2 2 2 
4 1 1 X X X X 
Solution for: 25/2:
7 X 4 4 4 4 X 
7 7 0 0 0 4 X 
7 0 0 6 6 3 3 
7 1 1 6 3 3 3 
2 1 6 6 5 5 5 
2 1 1 X 5 5 5 
2 2 2 X X X X 
Solution for: 26/2:
2 X 0 0 0 6 X 
2 0 0 6 6 6 X 
2 2 2 6 1 1 1 
4 4 4 4 1 3 1 
4 7 7 7 7 3 3 
5 5 5 7 X 3 3 
5 5 5 X X X X 
Solution for: 27/2:
7 X 4 4 4 4 X 
7 7 0 0 0 4 X 
7 0 0 6 5 5 5 
7 6 6 6 5 5 5 
2 6 3 3 1 1 1 
2 3 3 3 1 X 1 
2 2 2 X X X X 
Solution for: 28/2:
2 X 0 0 0 6 X 
2 0 0 6 6 6 X 
2 2 2 6 7 1 1 
4 4 7 7 7 7 1 
4 5 5 3 3 1 1 
4 5 5 3 3 3 X 
4 5 5 X X X X 
Solution for: 29/2:
1 X 1 5 5 5 X 
1 1 1 5 5 5 X 
7 7 7 7 0 0 0 
3 7 4 0 0 6 2 
3 3 4 6 6 6 2 
3 3 4 6 2 2 2 
X 4 4 X X X X 
Solution for: 30/2:
2 X 0 0 0 6 X 
2 0 0 6 6 6 X 
2 2 2 6 5 5 5 
3 3 3 7 5 5 5 
3 3 7 7 7 7 4 
1 1 1 4 4 4 4 
1 X 1 X X X X 
Solution for: 31/2:
2 X 0 0 0 6 X 
2 0 0 6 6 6 X 
2 2 2 6 5 5 5 
4 1 1 1 5 5 5 
4 1 7 1 3 3 3 
4 7 7 7 7 3 3 
4 4 X X X X X 
Solution for: 1/3:
3 3 X 5 5 5 X 
3 3 3 5 5 5 X 
X 0 0 0 6 2 4 
0 0 6 6 6 2 4 
1 1 6 2 2 2 4 
1 7 7 7 7 4 4 
1 1 7 X X X X 
Solution for: 2/3:
4 4 X 7 6 6 X 
4 7 7 7 7 6 X 
4 X 0 0 0 6 6 
4 0 0 1 1 5 5 
2 3 3 3 1 5 5 
2 3 3 1 1 5 5 
2 2 2 X X X X 
Solution for: 3/3:
3 3 X 0 0 0 X 
3 3 0 0 5 5 X 
6 3 X 2 5 5 4 
6 6 6 2 5 5 4 
1 1 6 2 2 2 4 
1 7 7 7 7 4 4 
1 1 7 X X X X 
Solution for: 4/3:
6 6 X 0 0 0 X 
2 6 0 0 3 3 X 
2 6 6 X 3 3 3 
2 2 2 4 1 1 1 
4 4 4 4 1 7 1 
5 5 5 7 7 7 7 
5 5 5 X X X X 
Solution for: 5/3:
4 4 X 0 0 0 X 
4 6 0 0 1 1 X 
4 6 6 6 X 1 7 
4 5 5 6 1 1 7 
2 5 5 3 3 7 7 
2 5 5 3 3 3 7 
2 2 2 X X X X 
Solution for: 6/3:
5 5 X 0 0 0 X 
5 5 0 0 4 4 X 
5 5 3 3 4 X 7 
6 6 3 3 4 7 7 
2 6 3 1 4 1 7 
2 6 6 1 1 1 7 
2 2 2 X X X X 
Solution for: 7/3:
6 6 X 0 0 0 X 
2 6 0 0 3 3 X 
2 6 6 3 3 3 X 
2 2 2 4 1 1 1 
4 4 4 4 1 7 1 
5 5 5 7 7 7 7 
5 5 5 X X X X 
Solution for: 8/3:
3 3 X 0 0 0 X 
3 3 0 0 6 6 X 
3 4 1 1 6 5 5 
X 4 1 6 6 5 5 
2 4 1 1 7 5 5 
2 4 4 7 7 7 7 
2 2 2 X X X X 
Solution for: 9/3:
5 5 X 0 0 0 X 
5 5 0 0 6 2 X 
5 5 6 6 6 2 4 
7 X 6 2 2 2 4 
7 1 1 3 3 3 4 
7 7 1 3 3 4 4 
7 1 1 X X X X 
Solution for: 10/3:
5 5 X 0 0 0 X 
5 5 0 0 4 4 X 
5 5 1 1 4 3 3 
6 6 X 1 4 3 3 
2 6 1 1 4 7 3 
2 6 6 7 7 7 7 
2 2 2 X X X X 
Solution for: 11/3:
5 5 X 0 0 0 X 
5 5 0 0 4 4 X 
5 5 1 1 4 3 3 
6 6 1 X 4 3 3 
2 6 1 1 4 7 3 
2 6 6 7 7 7 7 
2 2 2 X X X X 
Solution for: 12/3:
5 5 X 3 3 3 X 
5 5 6 6 3 3 X 
5 5 6 2 1 1 4 
7 6 6 2 X 1 4 
7 2 2 2 1 1 4 
7 7 0 0 0 4 4 
7 0 0 X X X X 
Solution for: 13/3:
2 1 X 1 3 3 X 
2 1 1 1 3 3 X 
2 2 2 6 6 3 4 
7 5 5 5 6 X 4 
7 5 5 5 6 6 4 
7 7 0 0 0 4 4 
7 0 0 X X X X 
Solution for: 14/3:
6 6 X 0 0 0 X 
2 6 0 0 3 7 X 
2 6 6 3 3 7 7 
2 2 2 3 3 7 X 
4 4 4 4 1 7 1 
5 5 5 4 1 1 1 
5 5 5 X X X X 
Solution for: 15/3:
5 5 X 0 0 0 X 
5 5 0 0 6 7 X 
5 5 6 6 6 7 4 
1 1 6 3 7 7 4 
X 1 2 3 3 7 4 
1 1 2 3 3 4 4 
2 2 2 X X X X 
Solution for: 16/3:
4 4 X 0 0 0 X 
4 6 0 0 5 5 X 
4 6 6 6 5 5 7 
4 1 1 6 5 5 7 
2 X 1 3 3 7 7 
2 1 1 3 3 3 7 
2 2 2 X X X X 
Solution for: 17/3:
4 4 X 0 0 0 X 
4 6 0 0 5 5 X 
4 6 6 6 5 5 7 
4 1 1 6 5 5 7 
2 1 X 3 3 7 7 
2 1 1 3 3 3 7 
2 2 2 X X X X 
Solution for: 18/3:
4 4 X 0 0 0 X 
4 6 0 0 3 3 X 
4 6 6 6 3 3 3 
4 5 5 6 1 1 1 
2 5 5 X 1 7 1 
2 5 5 7 7 7 7 
2 2 2 X X X X 
Solution for: 19/3:
4 4 X 0 0 0 X 
4 6 0 0 3 3 X 
4 6 6 6 3 3 7 
4 5 5 6 3 7 7 
2 5 5 1 X 1 7 
2 5 5 1 1 1 7 
2 2 2 X X X X 
Solution for: 20/3:
5 5 X 0 0 0 X 
5 5 0 0 1 1 X 
5 5 6 2 1 4 4 
6 6 6 2 1 1 4 
6 2 2 2 7 X 4 
3 3 7 7 7 7 4 
3 3 3 X X X X 
Solution for: 21/3:
3 3 X 5 5 5 X 
3 3 3 5 5 5 X 
7 7 7 7 0 0 0 
4 4 7 0 0 1 1 
4 2 2 2 6 1 X 
4 2 6 6 6 1 1 
4 2 6 X X X X 
Solution for: 22/3:
1 1 X 7 6 6 X 
1 7 7 7 7 6 X 
1 1 0 4 4 6 6 
3 3 0 0 4 5 5 
3 3 2 0 4 5 5 
X 3 2 0 4 5 5 
2 2 2 X X X X 
Solution for: 23/3:
5 5 X 0 0 0 X 
5 5 0 0 6 2 X 
5 5 6 6 6 2 7 
4 4 6 2 2 2 7 
4 1 1 3 3 7 7 
4 X 1 3 3 3 7 
4 1 1 X X X X 
Solution for: 24/3:
5 5 X 0 0 0 X 
5 5 0 0 6 2 X 
5 5 6 6 6 2 7 
4 4 6 2 2 2 7 
4 1 1 3 3 7 7 
4 1 X 3 3 3 7 
4 1 1 X X X X 
Solution for: 25/3:
5 5 X 0 0 0 X 
5 5 0 0 1 1 X 
5 5 3 3 3 1 4 
6 6 3 3 1 1 4 
2 6 7 7 7 7 4 
2 6 6 X 7 4 4 
2 2 2 X X X X 
Solution for: 26/3:
4 4 X 0 0 0 X 
4 6 0 0 3 3 X 
4 6 6 6 3 3 7 
4 5 5 6 3 7 7 
2 5 5 1 1 1 7 
2 5 5 1 X 1 7 
2 2 2 X X X X 
Solution for: 27/3:
5 5 X 0 0 0 X 
5 5 0 0 1 1 X 
5 5 3 3 3 1 7 
4 4 3 3 1 1 7 
4 2 2 2 6 7 7 
4 2 6 6 6 X 7 
4 2 6 X X X X 
Solution for: 28/3:
4 2 X 0 0 0 X 
4 2 0 0 6 6 X 
4 2 2 2 6 3 3 
4 4 7 6 6 3 3 
1 1 7 5 5 5 3 
1 7 7 5 5 5 X 
1 1 7 X X X X 
Solution for: 29/3:
5 5 X 0 0 0 X 
5 5 0 0 3 3 X 
5 5 6 6 3 3 7 
2 2 2 6 3 7 7 
2 1 1 6 6 4 7 
2 1 4 4 4 4 7 
X 1 1 X X X X 
Solution for: 30/3:
5 5 X 0 0 0 X 
5 5 0 0 4 4 X 
5 5 6 2 4 3 3 
6 6 6 2 4 3 3 
6 2 2 2 4 7 3 
1 1 1 7 7 7 7 
1 X 1 X X X X 
Solution for: 31/3:
5 5 X 0 0 0 X 
5 5 0 0 3 3 X 
5 5 1 1 3 3 7 
4 2 1 6 6 3 7 
4 2 1 1 6 7 7 
4 2 2 2 6 6 7 
4 4 X X X X X 
Solution for: 1/4:
3 3 3 X 6 6 X 
3 3 0 0 0 6 X 
X 0 0 1 1 6 6 
7 7 7 7 1 5 5 
2 4 7 1 1 5 5 
2 4 4 4 4 5 5 
2 2 2 X X X X 
Solution for: 2/4:
4 4 7 X 6 6 X 
4 7 7 7 7 6 X 
4 X 0 0 0 6 6 
4 0 0 1 1 5 5 
2 3 3 3 1 5 5 
2 3 3 1 1 5 5 
2 2 2 X X X X 
Solution for: 3/4:
2 2 2 X 3 3 X 
2 6 6 3 3 3 X 
2 6 X 0 0 0 7 
6 6 0 0 1 1 7 
4 4 4 4 1 7 7 
5 5 5 4 1 1 7 
5 5 5 X X X X 
Solution for: 4/4:
3 3 3 X 6 6 X 
3 3 0 0 0 6 X 
4 0 0 X 7 6 6 
4 4 4 4 7 1 1 
2 5 5 5 7 7 1 
2 5 5 5 7 1 1 
2 2 2 X X X X 
Solution for: 5/4:
2 2 2 X 6 6 X 
2 3 3 1 1 6 X 
2 3 3 1 X 6 6 
7 4 3 1 1 5 5 
7 4 4 4 4 5 5 
7 7 0 0 0 5 5 
7 0 0 X X X X 
Solution for: 6/4:
6 6 0 X 3 3 X 
2 6 0 0 3 3 X 
2 6 6 0 3 X 7 
2 2 2 0 1 1 7 
4 4 4 4 1 7 7 
5 5 5 4 1 1 7 
5 5 5 X X X X 
Solution for: 7/4:
5 5 1 X 1 4 X 
5 5 1 1 1 4 X 
5 5 0 0 0 4 X 
7 0 0 2 6 4 4 
7 7 3 2 6 6 6 
7 3 3 2 2 2 6 
7 3 3 X X X X 
Solution for: 8/4:
2 2 2 X 6 6 X 
2 4 4 4 4 6 X 
2 4 0 0 0 6 6 
X 0 0 1 1 5 5 
7 7 7 7 1 5 5 
3 3 7 1 1 5 5 
3 3 3 X X X X 
Solution for: 9/4:
5 5 5 X 3 3 X 
5 5 5 3 3 3 X 
4 4 4 4 0 0 0 
4 X 7 0 0 6 2 
1 1 7 6 6 6 2 
1 7 7 6 2 2 2 
1 1 7 X X X X 
Solution for: 10/4:
2 2 2 X 6 6 X 
2 4 4 4 4 6 X 
2 0 0 0 4 6 6 
0 0 X 1 1 5 5 
7 7 7 7 1 5 5 
3 3 7 1 1 5 5 
3 3 3 X X X X 
Solution for: 11/4:
2 2 2 X 6 6 X 
2 4 4 4 4 6 X 
2 0 0 0 4 6 6 
0 0 7 X 3 5 5 
1 1 7 3 3 5 5 
1 7 7 3 3 5 5 
1 1 7 X X X X 
Solution for: 12/4:
3 3 3 X 1 1 X 
3 3 0 0 0 1 X 
4 0 0 6 1 1 7 
4 6 6 6 X 7 7 
4 6 2 5 5 5 7 
4 4 2 5 5 5 7 
2 2 2 X X X X 
Solution for: 13/4:
2 2 2 X 6 6 X 
2 4 4 4 4 6 X 
2 0 0 0 4 6 6 
0 0 7 1 1 X 3 
7 7 7 7 1 3 3 
5 5 5 1 1 3 3 
5 5 5 X X X X 
Solution for: 14/4:
2 2 2 X 6 6 X 
2 4 4 4 4 6 X 
2 0 0 0 4 6 6 
0 0 7 1 1 3 X 
7 7 7 7 1 3 3 
5 5 5 1 1 3 3 
5 5 5 X X X X 
Solution for: 15/4:
2 2 2 X 6 6 X 
2 4 4 4 4 6 X 
2 0 0 0 4 6 6 
0 0 3 3 1 1 1 
X 3 3 3 1 7 1 
5 5 5 7 7 7 7 
5 5 5 X X X X 
Solution for: 16/4:
3 3 3 X 6 6 X 
3 3 0 0 0 6 X 
4 0 0 1 1 6 6 
4 4 4 4 1 5 5 
2 X 7 1 1 5 5 
2 7 7 7 7 5 5 
2 2 2 X X X X 
Solution for: 17/4:
2 2 2 X 6 6 X 
2 4 4 4 4 6 X 
2 0 0 0 4 6 6 
0 0 3 3 3 5 5 
1 1 X 3 3 5 5 
1 7 7 7 7 5 5 
1 1 7 X X X X 
Solution for: 18/4:
2 2 2 X 6 6 X 
2 4 4 4 4 6 X 
2 0 0 0 4 6 6 
0 0 7 1 1 5 5 
3 7 7 X 1 5 5 
3 3 7 1 1 5 5 
3 3 7 X X X X 
Solution for: 19/4:
2 2 2 X 6 6 X 
2 4 4 4 4 6 X 
2 0 0 0 4 6 6 
0 0 7 1 1 5 5 
3 7 7 1 X 5 5 
3 3 7 1 1 5 5 
3 3 7 X X X X 
Solution for: 20/4:
2 2 2 X 6 6 X 
2 4 4 4 4 6 X 
2 0 0 0 4 6 6 
0 0 7 3 3 1 1 
5 5 7 3 3 X 1 
5 5 7 7 3 1 1 
5 5 7 X X X X 
Solution for: 21/4:
2 2 2 X 6 6 X 
2 4 4 4 4 6 X 
2 0 0 0 4 6 6 
0 0 7 3 3 1 1 
5 5 7 3 3 1 X 
5 5 7 7 3 1 1 
5 5 7 X X X X 
Solution for: 22/4:
2 2 2 X 6 6 X 
2 4 4 4 4 6 X 
2 0 0 0 4 6 6 
0 0 7 1 1 5 5 
7 7 7 7 1 5 5 
X 3 3 1 1 5 5 
3 3 3 X X X X 
Solution for: 23/4:
2 2 2 X 6 6 X 
2 4 4 4 4 6 X 
2 0 0 0 4 6 6 
0 0 7 3 3 5 5 
1 1 7 3 3 5 5 
1 X 7 7 3 5 5 
1 1 7 X X X X 
Solution for: 24/4:
2 2 2 X 6 6 X 
2 4 4 4 4 6 X 
2 0 0 0 4 6 6 
0 0 7 1 1 5 5 
7 7 7 7 1 5 5 
3 3 X 1 1 5 5 
3 3 3 X X X X 
Solution for: 25/4:
2 2 2 X 6 6 X 
2 4 4 4 4 6 X 
2 0 0 0 4 6 6 
0 0 7 3 3 5 5 
1 1 7 3 3 5 5 
1 7 7 X 3 5 5 
1 1 7 X X X X 
Solution for: 26/4:
3 3 3 X 1 1 X 
3 3 0 0 0 1 X 
2 0 0 7 1 1 4 
2 7 7 7 7 6 4 
2 2 2 6 6 6 4 
5 5 5 6 X 4 4 
5 5 5 X X X X 
Solution for: 27/4:
2 2 2 X 6 6 X 
2 4 4 4 4 6 X 
2 0 0 0 4 6 6 
0 0 7 1 1 3 3 
7 7 7 7 1 3 3 
5 5 5 1 1 X 3 
5 5 5 X X X X 
Solution for: 28/4:
2 2 2 X 6 6 X 
2 4 4 4 4 6 X 
2 0 0 0 4 6 6 
0 0 7 1 1 3 3 
7 7 7 7 1 3 3 
5 5 5 1 1 3 X 
5 5 5 X X X X 
Solution for: 29/4:
2 2 2 X 6 6 X 
2 4 4 4 4 6 X 
2 0 0 0 4 6 6 
0 0 7 1 1 5 5 
3 3 7 7 1 5 5 
3 3 7 1 1 5 5 
X 3 7 X X X X 
Solution for: 30/4:
3 3 3 X 6 6 X 
3 3 0 0 0 6 X 
4 0 0 1 1 6 6 
4 4 4 4 1 5 5 
2 2 2 1 1 5 5 
2 7 7 7 7 5 5 
2 X 7 X X X X 
Solution for: 31/4:
2 2 2 X 6 6 X 
2 4 4 4 4 6 X 
2 0 0 0 4 6 6 
0 0 1 1 1 3 3 
5 5 1 7 1 3 3 
5 5 7 7 7 7 3 
5 5 X X X X X 
Solution for: 1/5:
5 5 5 1 X 1 X 
5 5 5 1 1 1 X 
X 0 0 0 2 2 2 
0 0 4 4 4 4 2 
3 3 6 6 7 4 2 
3 3 6 7 7 7 7 
3 6 6 X X X X 
Solution for: 2/5:
2 2 2 1 X 1 X 
4 4 2 1 1 1 X 
4 X 2 0 0 0 7 
4 6 0 0 3 7 7 
4 6 6 6 3 3 7 
5 5 5 6 3 3 7 
5 5 5 X X X X 
Solution for: 3/5:
2 2 2 1 X 1 X 
2 6 6 1 1 1 X 
2 6 X 0 0 0 7 
6 6 0 0 3 7 7 
4 4 4 4 3 3 7 
5 5 5 4 3 3 7 
5 5 5 X X X X 
Solution for: 4/5:
4 4 4 4 X 3 X 
4 0 0 0 3 3 X 
0 0 6 X 3 3 7 
5 5 6 6 6 7 7 
5 5 2 1 6 1 7 
5 5 2 1 1 1 7 
2 2 2 X X X X 
Solution for: 5/5:
5 5 5 1 X 1 X 
5 5 5 1 1 1 X 
7 7 7 7 X 4 4 
6 6 7 0 0 0 4 
2 6 0 0 3 3 4 
2 6 6 3 3 3 4 
2 2 2 X X X X 
Solution for: 6/5:
2 2 2 1 X 1 X 
2 6 6 1 1 1 X 
2 6 5 5 5 X 7 
6 6 5 5 5 7 7 
3 3 4 4 4 4 7 
3 3 0 0 0 4 7 
3 0 0 X X X X 
Solution for: 7/5:
4 4 4 4 X 3 X 
4 0 0 0 3 3 X 
0 0 6 2 3 3 X 
6 6 6 2 1 1 1 
6 2 2 2 1 7 1 
5 5 5 7 7 7 7 
5 5 5 X X X X 
Solution for: 8/5:
3 3 3 1 X 1 X 
3 3 7 1 1 1 X 
7 7 7 7 0 0 0 
X 4 4 0 0 6 2 
5 5 4 6 6 6 2 
5 5 4 6 2 2 2 
5 5 4 X X X X 
Solution for: 9/5:
5 5 5 1 X 1 X 
5 5 5 1 1 1 X 
7 7 7 7 0 0 0 
4 X 7 0 0 6 2 
4 3 3 6 6 6 2 
4 3 3 6 2 2 2 
4 4 3 X X X X 
Solution for: 10/5:
3 3 3 1 X 1 X 
3 3 7 1 1 1 X 
7 7 7 7 0 0 0 
4 4 X 0 0 5 5 
4 2 2 2 6 5 5 
4 2 6 6 6 5 5 
4 2 6 X X X X 
Solution for: 11/5:
0 3 3 3 X 7 X 
0 0 3 3 6 7 X 
2 0 6 6 6 7 7 
2 0 6 X 1 7 1 
2 2 2 4 1 1 1 
5 5 5 4 4 4 4 
5 5 5 X X X X 
Solution for: 12/5:
2 3 3 3 X 6 X 
2 3 3 6 6 6 X 
2 2 2 6 1 1 4 
7 5 5 5 X 1 4 
7 5 5 5 1 1 4 
7 7 0 0 0 4 4 
7 0 0 X X X X 
Solution for: 13/5:
5 5 5 1 X 1 X 
5 5 5 1 1 1 X 
7 7 7 7 0 0 0 
4 4 7 0 0 X 3 
4 2 2 2 6 3 3 
4 2 6 6 6 3 3 
4 2 6 X X X X 
Solution for: 14/5:
4 4 4 4 X 7 X 
4 0 0 0 6 7 X 
0 0 6 6 6 7 7 
5 5 6 1 1 7 X 
5 5 2 1 3 3 3 
5 5 2 1 1 3 3 
2 2 2 X X X X 
Solution for: 15/5:
4 4 4 4 X 7 X 
4 0 0 0 6 7 X 
0 0 6 6 6 7 7 
1 1 6 5 5 7 3 
X 1 2 5 5 3 3 
1 1 2 5 5 3 3 
2 2 2 X X X X 
Solution for: 16/5:
4 4 4 4 X 7 X 
4 0 0 0 6 7 X 
0 0 6 6 6 7 7 
1 1 6 5 5 7 3 
1 X 2 5 5 3 3 
1 1 2 5 5 3 3 
2 2 2 X X X X 
Solution for: 17/5:
5 5 5 1 X 1 X 
5 5 5 1 1 1 X 
7 7 7 7 0 0 0 
4 4 7 0 0 6 2 
4 3 X 6 6 6 2 
4 3 3 6 2 2 2 
4 3 3 X X X X 
Solution for: 18/5:
4 4 4 4 X 7 X 
4 0 0 0 6 7 X 
0 0 6 6 6 7 7 
5 5 6 1 1 7 3 
5 5 2 X 1 3 3 
5 5 2 1 1 3 3 
2 2 2 X X X X 
Solution for: 19/5:
4 4 4 4 X 7 X 
4 0 0 0 6 7 X 
0 0 6 6 6 7 7 
5 5 6 1 1 7 3 
5 5 2 1 X 3 3 
5 5 2 1 1 3 3 
2 2 2 X X X X 
Solution for: 20/5:
2 2 2 1 X 1 X 
5 5 2 1 1 1 X 
5 5 2 0 0 0 6 
5 5 0 0 6 6 6 
7 7 7 7 6 X 4 
3 3 7 4 4 4 4 
3 3 3 X X X X 
Solution for: 21/5:
2 2 2 1 X 1 X 
2 3 3 1 1 1 X 
2 3 3 0 0 0 6 
4 3 0 0 6 6 6 
4 4 4 4 6 7 X 
5 5 5 7 7 7 7 
5 5 5 X X X X 
Solution for: 22/5:
7 7 7 7 X 6 X 
5 5 7 6 6 6 X 
5 5 2 6 0 0 0 
5 5 2 0 0 3 3 
1 1 2 2 2 3 3 
X 1 4 4 4 4 3 
1 1 4 X X X X 
Solution for: 23/5:
4 4 4 4 X 6 X 
4 5 5 6 6 6 X 
7 5 5 6 0 0 0 
7 5 5 0 0 1 1 
7 7 2 3 3 3 1 
7 X 2 3 3 1 1 
2 2 2 X X X X 
Solution for: 24/5:
0 6 6 1 X 1 X 
0 0 6 1 1 1 X 
2 0 6 6 7 4 4 
2 0 7 7 7 7 4 
2 2 2 5 5 5 4 
3 3 X 5 5 5 4 
3 3 3 X X X X 
Solution for: 25/5:
4 4 4 4 X 3 X 
4 0 0 0 3 3 X 
0 0 6 2 3 3 7 
6 6 6 2 1 1 7 
6 2 2 2 1 7 7 
5 5 5 X 1 1 7 
5 5 5 X X X X 
Solution for: 26/5:
1 1 3 3 X 7 X 
1 3 3 3 7 7 X 
1 1 0 6 6 7 4 
5 5 0 0 6 7 4 
5 5 2 0 6 6 4 
5 5 2 0 X 4 4 
2 2 2 X X X X 
Solution for: 27/5:
2 2 2 1 X 1 X 
2 3 3 1 1 1 X 
2 3 3 0 0 0 7 
4 3 0 0 6 6 7 
4 4 4 4 6 7 7 
5 5 5 6 6 X 7 
5 5 5 X X X X 
Solution for: 28/5:
4 4 4 4 X 7 X 
4 0 0 0 6 7 X 
0 0 6 6 6 7 7 
3 3 6 2 1 7 1 
3 3 3 2 1 1 1 
5 5 5 2 2 2 X 
5 5 5 X X X X 
Solution for: 29/5:
3 3 3 1 X 1 X 
3 3 7 1 1 1 X 
7 7 7 7 0 0 0 
5 5 4 0 0 6 2 
5 5 4 6 6 6 2 
5 5 4 6 2 2 2 
X 4 4 X X X X 
Solution for: 30/5:
7 7 7 7 X 6 X 
5 5 7 6 6 6 X 
5 5 2 6 0 0 0 
5 5 2 0 0 3 3 
2 2 2 4 3 3 3 
1 1 1 4 4 4 4 
1 X 1 X X X X 
Solution for: 31/5:
4 5 5 1 X 1 X 
4 5 5 1 1 1 X 
4 5 5 0 0 0 7 
4 4 0 0 3 7 7 
2 2 2 6 3 3 7 
2 6 6 6 3 3 7 
2 6 X X X X X 
Solution for: 1/6:
5 5 5 3 3 X X 
5 5 5 3 3 3 X 
X 0 0 0 6 2 4 
0 0 6 6 6 2 4 
1 1 6 2 2 2 4 
1 7 7 7 7 4 4 
1 1 7 X X X X 
Solution for: 2/6:
4 4 0 0 0 X X 
4 0 0 5 5 5 X 
4 X 6 5 5 5 7 
4 3 6 6 6 7 7 
3 3 2 1 6 1 7 
3 3 2 1 1 1 7 
2 2 2 X X X X 
Solution for: 3/6:
4 4 0 0 0 X X 
4 0 0 5 5 5 X 
4 7 X 5 5 5 6 
4 7 1 1 6 6 6 
2 7 7 1 6 3 3 
2 7 1 1 3 3 3 
2 2 2 X X X X 
Solution for: 4/6:
4 4 4 4 3 X X 
4 0 0 0 3 3 X 
0 0 6 X 3 3 7 
5 5 6 6 6 7 7 
5 5 2 1 6 1 7 
5 5 2 1 1 1 7 
2 2 2 X X X X 
Solution for: 5/6:
4 4 0 0 0 X X 
4 0 0 1 1 1 X 
4 6 6 1 X 1 7 
4 6 2 2 2 7 7 
6 6 2 5 5 5 7 
3 3 2 5 5 5 7 
3 3 3 X X X X 
Solution for: 6/6:
5 5 5 2 7 X X 
5 5 5 2 7 7 X 
6 2 2 2 7 X 4 
6 6 6 1 7 1 4 
3 3 6 1 1 1 4 
3 3 0 0 0 4 4 
3 0 0 X X X X 
Solution for: 7/6:
4 4 0 0 0 X X 
4 0 0 1 1 1 X 
4 3 3 1 6 1 X 
4 3 3 3 6 6 6 
5 5 2 2 2 7 6 
5 5 2 7 7 7 7 
5 5 2 X X X X 
Solution for: 8/6:
1 1 0 0 0 X X 
1 0 0 3 3 3 X 
1 1 6 3 3 4 4 
X 7 6 6 6 2 4 
7 7 7 7 6 2 4 
5 5 5 2 2 2 4 
5 5 5 X X X X 
Solution for: 9/6:
4 4 0 0 0 X X 
4 0 0 2 2 2 X 
4 6 6 2 5 5 5 
4 X 6 2 5 5 5 
1 1 6 6 3 3 3 
1 7 7 7 7 3 3 
1 1 7 X X X X 
Solution for: 10/6:
4 4 0 0 0 X X 
4 0 0 6 3 3 X 
4 6 6 6 3 3 3 
4 6 X 7 7 7 7 
2 5 5 5 1 7 1 
2 5 5 5 1 1 1 
2 2 2 X X X X 
Solution for: 11/6:
4 4 0 0 0 X X 
4 0 0 6 3 3 X 
4 6 6 6 3 3 3 
4 6 7 X 2 2 2 
1 1 7 5 5 5 2 
1 7 7 5 5 5 2 
1 1 7 X X X X 
Solution for: 12/6:
4 4 0 0 0 X X 
4 0 0 6 3 3 X 
4 6 6 6 3 3 3 
4 6 7 1 X 1 2 
5 5 7 1 1 1 2 
5 5 7 7 2 2 2 
5 5 7 X X X X 
Solution for: 13/6:
4 4 0 0 0 X X 
4 0 0 5 5 5 X 
4 3 3 5 5 5 7 
4 3 3 6 6 X 7 
2 1 3 1 6 7 7 
2 1 1 1 6 6 7 
2 2 2 X X X X 
Solution for: 14/6:
4 4 0 0 0 X X 
4 0 0 6 2 7 X 
4 6 6 6 2 7 7 
4 6 2 2 2 7 X 
5 5 3 3 1 7 1 
5 5 3 3 1 1 1 
5 5 3 X X X X 
Solution for: 15/6:
3 7 7 7 7 X X 
3 3 7 0 0 0 X 
3 3 0 0 5 5 4 
1 1 6 6 5 5 4 
X 1 2 6 5 5 4 
1 1 2 6 6 4 4 
2 2 2 X X X X 
Solution for: 16/6:
4 4 0 0 0 X X 
4 0 0 6 3 3 X 
4 6 6 6 3 3 3 
4 6 1 1 1 5 5 
2 X 1 7 1 5 5 
2 7 7 7 7 5 5 
2 2 2 X X X X 
Solution for: 17/6:
1 1 0 0 0 X X 
1 0 0 2 2 2 X 
1 1 6 5 5 2 7 
6 6 6 5 5 2 7 
6 3 X 5 5 7 7 
3 3 4 4 4 4 7 
3 3 4 X X X X 
Solution for: 18/6:
2 4 4 4 4 X X 
2 4 7 7 7 7 X 
2 2 2 7 0 0 0 
1 1 1 0 0 5 5 
1 3 1 X 6 5 5 
3 3 6 6 6 5 5 
3 3 6 X X X X 
Solution for: 19/6:
4 4 0 0 0 X X 
4 0 0 6 3 3 X 
4 6 6 6 3 3 3 
4 6 7 1 1 1 2 
5 5 7 1 X 1 2 
5 5 7 7 2 2 2 
5 5 7 X X X X 
Solution for: 20/6:
4 4 0 0 0 X X 
4 0 0 5 5 5 X 
4 3 3 5 5 5 7 
4 3 3 6 6 7 7 
2 1 3 1 6 X 7 
2 1 1 1 6 6 7 
2 2 2 X X X X 
Solution for: 21/6:
4 4 0 0 0 X X 
4 0 0 2 2 2 X 
4 6 6 2 3 3 3 
4 6 1 2 1 3 3 
6 6 1 1 1 7 X 
5 5 5 7 7 7 7 
5 5 5 X X X X 
Solution for: 22/6:
4 4 0 0 0 X X 
4 0 0 6 3 3 X 
4 6 6 6 3 3 3 
4 6 7 5 5 5 2 
1 1 7 5 5 5 2 
X 1 7 7 2 2 2 
1 1 7 X X X X 
Solution for: 23/6:
4 4 0 0 0 X X 
4 0 0 6 3 3 X 
4 6 6 6 3 3 3 
4 6 7 5 5 5 2 
1 1 7 5 5 5 2 
1 X 7 7 2 2 2 
1 1 7 X X X X 
Solution for: 24/6:
3 7 7 7 7 X X 
3 3 7 0 0 0 X 
3 3 0 0 2 2 2 
4 4 6 6 2 5 5 
4 1 1 6 2 5 5 
4 1 X 6 6 5 5 
4 1 1 X X X X 
Solution for: 25/6:
4 4 0 0 0 X X 
4 0 0 3 3 7 X 
4 6 6 3 3 7 7 
4 6 1 3 1 7 2 
6 6 1 1 1 7 2 
5 5 5 X 2 2 2 
5 5 5 X X X X 
Solution for: 26/6:
4 4 0 0 0 X X 
4 0 0 5 5 5 X 
4 6 6 5 5 5 7 
4 6 2 2 2 7 7 
6 6 2 1 1 1 7 
3 3 2 1 X 1 7 
3 3 3 X X X X 
Solution for: 27/6:
1 1 0 0 0 X X 
1 0 0 3 5 5 X 
1 1 3 3 5 5 7 
4 4 3 3 5 5 7 
4 2 2 2 6 7 7 
4 2 6 6 6 X 7 
4 2 6 X X X X 
Solution for: 28/6:
1 1 0 0 0 X X 
1 0 0 7 3 3 X 
1 1 7 7 3 3 3 
2 2 2 7 5 5 5 
2 6 6 7 5 5 5 
2 6 4 4 4 4 X 
6 6 4 X X X X 
Solution for: 29/6:
1 1 1 3 3 X X 
1 7 1 3 3 3 X 
7 7 7 7 0 0 0 
5 5 4 0 0 6 2 
5 5 4 6 6 6 2 
5 5 4 6 2 2 2 
X 4 4 X X X X 
Solution for: 30/6:
2 2 2 3 3 X X 
2 4 4 3 3 3 X 
2 4 1 1 0 0 0 
7 4 1 0 0 5 5 
7 4 1 1 6 5 5 
7 7 6 6 6 5 5 
7 X 6 X X X X 
Solution for: 31/6:
1 1 0 0 0 X X 
1 0 0 3 3 3 X 
1 1 7 3 3 4 4 
7 7 7 7 5 5 4 
2 2 2 6 5 5 4 
2 6 6 6 5 5 4 
2 6 X X X X X 
Solution for: 1/7:
7 7 7 7 1 1 X 
X 7 0 0 0 1 X 
X 0 0 4 1 1 6 
4 4 4 4 6 6 6 
2 5 5 5 6 3 3 
2 5 5 5 3 3 3 
2 2 2 X X X X 
Solution for: 2/7:
4 4 4 4 6 6 X 
X 1 1 4 6 0 X 
2 X 1 6 6 0 0 
2 1 1 3 3 3 0 
2 2 2 3 3 7 0 
5 5 5 7 7 7 7 
5 5 5 X X X X 
Solution for: 3/7:
1 1 3 3 6 6 X 
X 1 3 3 2 6 X 
1 1 X 3 2 6 6 
7 4 2 2 2 5 5 
7 4 4 4 4 5 5 
7 7 0 0 0 5 5 
7 0 0 X X X X 
Solution for: 4/7:
7 7 7 7 1 1 X 
X 7 0 0 0 1 X 
4 0 0 X 1 1 6 
4 4 4 4 6 6 6 
2 5 5 5 6 3 3 
2 5 5 5 3 3 3 
2 2 2 X X X X 
Solution for: 5/7:
1 1 4 4 4 4 X 
X 1 4 0 0 0 X 
1 1 0 0 X 5 5 
6 6 3 3 3 5 5 
2 6 3 3 7 5 5 
2 6 6 7 7 7 7 
2 2 2 X X X X 
Solution for: 6/7:
1 1 2 2 2 6 X 
X 1 2 6 6 6 X 
1 1 2 6 3 X 4 
7 5 5 5 3 3 4 
7 5 5 5 3 3 4 
7 7 0 0 0 4 4 
7 0 0 X X X X 
Solution for: 7/7:
7 7 7 7 1 1 X 
X 7 0 0 0 1 X 
4 0 0 6 1 1 X 
4 6 6 6 3 5 5 
4 6 2 3 3 5 5 
4 4 2 3 3 5 5 
2 2 2 X X X X 
Solution for: 8/7:
1 1 3 3 6 6 X 
X 1 3 3 3 6 X 
1 1 0 0 0 6 6 
X 0 0 7 7 7 7 
5 5 2 2 2 7 4 
5 5 2 4 4 4 4 
5 5 2 X X X X 
Solution for: 9/7:
7 7 7 7 6 6 X 
X 7 0 0 0 6 X 
2 0 0 4 4 6 6 
2 X 1 1 4 5 5 
2 2 2 1 4 5 5 
3 3 1 1 4 5 5 
3 3 3 X X X X 
Solution for: 10/7:
1 1 5 5 5 7 X 
X 1 5 5 5 7 X 
1 1 2 2 2 7 7 
4 4 X 6 2 7 3 
4 6 6 6 2 3 3 
4 6 0 0 0 3 3 
4 0 0 X X X X 
Solution for: 11/7:
3 3 3 5 5 5 X 
X 3 3 5 5 5 X 
6 6 1 1 1 2 4 
7 6 1 X 1 2 4 
7 6 6 2 2 2 4 
7 7 0 0 0 4 4 
7 0 0 X X X X 
Solution for: 12/7:
6 6 4 4 4 4 X 
X 6 4 7 3 3 X 
0 6 6 7 3 3 3 
0 0 7 7 X 5 5 
2 0 1 7 1 5 5 
2 0 1 1 1 5 5 
2 2 2 X X X X 
Solution for: 13/7:
1 1 7 5 5 5 X 
X 1 7 5 5 5 X 
1 1 7 7 0 0 0 
4 4 7 0 0 X 3 
4 2 2 2 6 3 3 
4 2 6 6 6 3 3 
4 2 6 X X X X 
Solution for: 14/7:
1 1 5 5 5 7 X 
X 1 5 5 5 7 X 
1 1 0 0 0 7 7 
4 0 0 2 6 7 X 
4 3 3 2 6 6 6 
4 3 3 2 2 2 6 
4 4 3 X X X X 
Solution for: 15/7:
1 1 4 4 4 4 X 
X 1 4 0 0 0 X 
1 1 0 0 2 2 2 
7 7 7 7 6 6 2 
X 7 5 5 5 6 2 
3 3 5 5 5 6 6 
3 3 3 X X X X 
Solution for: 16/7:
1 1 7 5 5 5 X 
X 1 7 5 5 5 X 
1 1 7 7 0 0 0 
4 4 7 0 0 6 2 
4 X 3 6 6 6 2 
4 3 3 6 2 2 2 
4 3 3 X X X X 
Solution for: 17/7:
1 1 7 5 5 5 X 
X 1 7 5 5 5 X 
1 1 7 7 0 0 0 
4 4 7 0 0 6 2 
4 3 X 6 6 6 2 
4 3 3 6 2 2 2 
4 3 3 X X X X 
Solution for: 18/7:
7 7 7 7 6 6 X 
X 7 2 2 2 6 X 
4 4 4 4 2 6 6 
4 0 0 0 2 5 5 
0 0 1 X 1 5 5 
3 3 1 1 1 5 5 
3 3 3 X X X X 
Solution for: 19/7:
1 1 5 5 5 4 X 
X 1 5 5 5 4 X 
1 1 0 0 0 4 7 
6 0 0 2 4 4 7 
6 6 6 2 X 7 7 
3 3 6 2 2 2 7 
3 3 3 X X X X 
Solution for: 20/7:
2 2 2 5 5 5 X 
X 3 2 5 5 5 X 
3 3 2 0 0 0 6 
3 3 0 0 6 6 6 
7 7 7 7 6 X 4 
1 7 1 4 4 4 4 
1 1 1 X X X X 
Solution for: 21/7:
1 1 4 4 4 4 X 
X 1 4 0 0 0 X 
1 1 0 0 5 5 5 
6 6 3 3 5 5 5 
2 6 3 3 3 7 X 
2 6 6 7 7 7 7 
2 2 2 X X X X 
Solution for: 22/7:
4 4 4 4 6 6 X 
X 3 0 4 2 6 X 
3 3 0 0 2 6 6 
3 3 7 0 2 2 2 
1 1 7 0 5 5 5 
X 1 7 7 5 5 5 
1 1 7 X X X X 
Solution for: 23/7:
3 3 3 5 5 5 X 
X 3 3 5 5 5 X 
7 7 7 7 0 0 0 
4 4 7 0 0 6 2 
4 1 1 6 6 6 2 
4 X 1 6 2 2 2 
4 1 1 X X X X 
Solution for: 24/7:
3 3 3 5 5 5 X 
X 3 3 5 5 5 X 
7 7 7 7 0 0 0 
4 4 7 0 0 6 2 
4 1 1 6 6 6 2 
4 1 X 6 2 2 2 
4 1 1 X X X X 
Solution for: 25/7:
7 7 7 7 6 6 X 
X 7 2 2 2 6 X 
4 4 4 4 2 6 6 
4 0 0 0 2 5 5 
0 0 1 1 1 5 5 
3 3 1 X 1 5 5 
3 3 3 X X X X 
Solution for: 26/7:
7 7 7 7 6 6 X 
X 7 0 0 0 6 X 
4 0 0 1 1 6 6 
4 4 4 4 1 5 5 
2 2 2 1 1 5 5 
2 3 3 3 X 5 5 
2 3 3 X X X X 
Solution for: 27/7:
1 1 4 4 4 4 X 
X 1 4 0 0 0 X 
1 1 0 0 3 3 7 
5 5 6 6 3 3 7 
5 5 2 6 3 7 7 
5 5 2 6 6 X 7 
2 2 2 X X X X 
Solution for: 28/7:
1 1 7 5 5 5 X 
X 1 7 5 5 5 X 
1 1 7 7 0 0 0 
4 4 7 0 0 3 3 
4 2 2 2 6 3 3 
4 2 6 6 6 3 X 
4 2 6 X X X X 
Solution for: 29/7:
3 3 3 1 1 1 X 
X 3 3 1 7 1 X 
4 5 5 7 7 7 7 
4 5 5 6 2 2 2 
4 5 5 6 6 6 2 
4 4 0 0 0 6 2 
X 0 0 X X X X 
Solution for: 30/7:
1 1 7 5 5 5 X 
X 1 7 5 5 5 X 
1 1 7 7 0 0 0 
4 4 7 0 0 6 2 
4 3 3 6 6 6 2 
4 3 3 6 2 2 2 
4 X 3 X X X X 
Solution for: 31/7:
7 7 7 7 1 1 X 
X 7 0 0 0 1 X 
6 0 0 4 1 1 3 
6 6 6 4 2 3 3 
5 5 6 4 2 3 3 
5 5 4 4 2 2 2 
5 5 X X X X X 
Solution for: 1/8:
4 4 4 4 1 1 X 
4 X 0 0 0 1 X 
X 0 0 7 1 1 6 
5 5 7 7 6 6 6 
5 5 2 7 6 3 3 
5 5 2 7 3 3 3 
2 2 2 X X X X 
Solution for: 2/8:
2 2 2 0 0 0 X 
2 X 0 0 5 5 X 
2 X 6 6 5 5 7 
1 1 1 6 5 5 7 
1 3 1 6 6 7 7 
3 3 4 4 4 4 7 
3 3 4 X X X X 
Solution for: 3/8:
1 1 1 5 5 5 X 
1 X 1 5 5 5 X 
6 6 X 2 2 2 4 
7 6 3 3 3 2 4 
7 6 6 3 3 2 4 
7 7 0 0 0 4 4 
7 0 0 X X X X 
Solution for: 4/8:
4 1 1 5 5 5 X 
4 X 1 5 5 5 X 
4 1 1 X 0 0 0 
4 4 7 0 0 6 2 
3 7 7 6 6 6 2 
3 3 7 6 2 2 2 
3 3 7 X X X X 
Solution for: 5/8:
4 4 4 4 6 6 X 
4 X 0 0 0 6 X 
2 0 0 7 X 6 6 
2 7 7 7 7 1 1 
2 2 2 3 3 3 1 
5 5 5 3 3 1 1 
5 5 5 X X X X 
Solution for: 6/8:
2 2 2 0 0 0 X 
2 X 0 0 4 4 X 
2 5 5 5 4 X 7 
6 5 5 5 4 7 7 
6 6 6 1 4 1 7 
3 3 6 1 1 1 7 
3 3 3 X X X X 
Solution for: 7/8:
2 2 2 0 0 0 X 
2 X 0 0 6 6 X 
2 3 1 1 1 6 X 
3 3 1 7 1 6 6 
3 3 7 7 7 7 4 
5 5 5 4 4 4 4 
5 5 5 X X X X 
Solution for: 8/8:
1 1 3 3 6 6 X 
1 X 3 3 3 6 X 
1 1 0 0 0 6 6 
X 0 0 7 7 7 7 
5 5 2 2 2 7 4 
5 5 2 4 4 4 4 
5 5 2 X X X X 
Solution for: 9/8:
4 4 4 4 1 1 X 
4 X 0 0 0 1 X 
2 0 0 7 1 1 6 
2 X 7 7 6 6 6 
2 2 2 7 6 3 3 
5 5 5 7 3 3 3 
5 5 5 X X X X 
Solution for: 10/8:
1 1 1 5 5 5 X 
1 X 1 5 5 5 X 
7 7 7 7 0 0 0 
4 7 X 0 0 6 2 
4 3 3 6 6 6 2 
4 3 3 6 2 2 2 
4 4 3 X X X X 
Solution for: 11/8:
1 1 2 2 2 6 X 
1 X 2 6 6 6 X 
1 1 2 6 5 5 4 
7 3 3 X 5 5 4 
7 3 3 3 5 5 4 
7 7 0 0 0 4 4 
7 0 0 X X X X 
Solution for: 12/8:
2 2 2 0 0 0 X 
2 X 0 0 3 3 X 
2 7 1 1 3 3 3 
4 7 7 1 X 5 5 
4 7 1 1 6 5 5 
4 7 6 6 6 5 5 
4 4 6 X X X X 
Solution for: 13/8:
2 2 2 0 0 0 X 
2 X 0 0 6 6 X 
2 3 3 3 6 1 1 
4 3 3 6 6 X 1 
4 4 4 4 7 1 1 
5 5 5 7 7 7 7 
5 5 5 X X X X 
Solution for: 14/8:
2 2 2 0 0 0 X 
2 X 0 0 4 7 X 
2 4 4 4 4 7 7 
5 5 5 6 6 7 X 
5 5 5 6 1 7 1 
3 3 6 6 1 1 1 
3 3 3 X X X X 
Solution for: 15/8:
1 1 4 4 4 4 X 
1 X 4 0 0 0 X 
1 1 0 0 2 2 2 
7 7 7 7 6 6 2 
X 7 5 5 5 6 2 
3 3 5 5 5 6 6 
3 3 3 X X X X 
Solution for: 16/8:
2 2 2 0 0 0 X 
2 X 0 0 1 1 X 
2 5 5 5 1 4 4 
7 5 5 5 1 1 4 
7 X 6 6 3 3 4 
7 7 6 3 3 3 4 
7 6 6 X X X X 
Solution for: 17/8:
1 1 1 5 5 5 X 
1 X 1 5 5 5 X 
7 7 7 7 0 0 0 
4 4 7 0 0 6 2 
4 3 X 6 6 6 2 
4 3 3 6 2 2 2 
4 3 3 X X X X 
Solution for: 18/8:
2 2 2 3 3 3 X 
2 X 6 6 3 3 X 
2 5 5 6 1 1 4 
7 5 5 6 6 1 4 
7 5 5 X 1 1 4 
7 7 0 0 0 4 4 
7 0 0 X X X X 
Solution for: 19/8:
2 2 2 0 0 0 X 
2 X 0 0 1 1 X 
2 3 3 6 6 1 7 
3 3 3 6 1 1 7 
5 5 6 6 X 7 7 
5 5 4 4 4 4 7 
5 5 4 X X X X 
Solution for: 20/8:
2 2 2 0 0 0 X 
2 X 0 0 5 5 X 
2 1 1 1 5 5 4 
7 1 6 1 5 5 4 
7 7 6 6 6 X 4 
7 3 3 3 6 4 4 
7 3 3 X X X X 
Solution for: 21/8:
1 1 4 4 4 4 X 
1 X 4 0 0 0 X 
1 1 0 0 5 5 5 
6 6 3 3 5 5 5 
2 6 3 3 3 7 X 
2 6 6 7 7 7 7 
2 2 2 X X X X 
Solution for: 22/8:
4 4 4 4 6 6 X 
3 X 0 4 2 6 X 
3 3 0 0 2 6 6 
3 3 7 0 2 2 2 
1 1 7 0 5 5 5 
X 1 7 7 5 5 5 
1 1 7 X X X X 
Solution for: 23/8:
2 2 2 0 0 0 X 
2 X 0 0 6 6 X 
2 3 3 3 6 5 5 
4 3 3 6 6 5 5 
4 4 4 4 7 5 5 
1 X 1 7 7 7 7 
1 1 1 X X X X 
Solution for: 24/8:
7 6 6 1 1 1 X 
7 X 6 1 0 1 X 
7 7 6 6 0 0 4 
7 3 3 5 5 0 4 
2 3 3 5 5 0 4 
2 3 X 5 5 4 4 
2 2 2 X X X X 
Solution for: 25/8:
1 1 7 3 3 3 X 
1 X 7 7 3 3 X 
1 1 7 4 4 4 4 
6 6 7 0 0 0 4 
2 6 0 0 5 5 5 
2 6 6 X 5 5 5 
2 2 2 X X X X 
Solution for: 26/8:
2 2 2 0 0 0 X 
2 X 0 0 3 3 X 
2 5 5 5 3 3 4 
7 5 5 5 3 6 4 
7 1 1 6 6 6 4 
7 7 1 6 X 4 4 
7 1 1 X X X X 
Solution for: 27/8:
1 1 4 4 4 4 X 
1 X 4 0 0 0 X 
1 1 0 0 3 3 7 
5 5 6 6 3 3 7 
5 5 2 6 3 7 7 
5 5 2 6 6 X 7 
2 2 2 X X X X 
Solution for: 28/8:
1 1 1 5 5 5 X 
1 X 1 5 5 5 X 
7 7 7 7 0 0 0 
4 4 7 0 0 3 3 
4 2 2 2 6 3 3 
4 2 6 6 6 3 X 
4 2 6 X X X X 
Solution for: 29/8:
1 1 1 5 5 5 X 
1 X 1 5 5 5 X 
7 7 7 7 0 0 0 
3 7 4 0 0 6 2 
3 3 4 6 6 6 2 
3 3 4 6 2 2 2 
X 4 4 X X X X 
Solution for: 30/8:
2 2 2 0 0 0 X 
2 X 0 0 3 3 X 
2 5 5 3 3 3 4 
7 5 5 1 1 1 4 
7 5 5 1 6 1 4 
7 7 6 6 6 4 4 
7 X 6 X X X X 
Solution for: 31/8:
1 1 4 4 4 4 X 
1 X 4 0 0 0 X 
1 1 0 0 2 2 2 
7 7 7 7 6 6 2 
5 5 7 3 3 6 2 
5 5 3 3 3 6 6 
5 5 X X X X X 
Solution for: 1/9:
3 3 3 5 5 5 X 
3 3 X 5 5 5 X 
X 0 0 0 6 2 4 
0 0 6 6 6 2 4 
1 1 6 2 2 2 4 
1 7 7 7 7 4 4 
1 1 7 X X X X 
Solution for: 2/9:
3 3 1 1 6 6 X 
3 3 X 1 2 6 X 
3 X 1 1 2 6 6 
7 4 2 2 2 5 5 
7 4 4 4 4 5 5 
7 7 0 0 0 5 5 
7 0 0 X X X X 
Solution for: 3/9:
7 4 4 4 4 6 X 
7 4 X 6 6 6 X 
7 7 X 6 0 0 0 
7 5 5 0 0 1 1 
2 5 5 3 3 3 1 
2 5 5 3 3 1 1 
2 2 2 X X X X 
Solution for: 4/9:
4 1 1 5 5 5 X 
4 1 X 5 5 5 X 
4 1 1 X 0 0 0 
4 4 7 0 0 6 2 
3 7 7 6 6 6 2 
3 3 7 6 2 2 2 
3 3 7 X X X X 
Solution for: 5/9:
2 4 4 4 4 6 X 
2 4 X 6 6 6 X 
2 2 2 6 X 1 1 
3 3 3 0 0 0 1 
3 3 0 0 7 1 1 
5 5 5 7 7 7 7 
5 5 5 X X X X 
Solution for: 6/9:
2 4 4 4 4 6 X 
2 4 X 6 6 6 X 
2 2 2 6 1 X 1 
7 5 5 5 1 1 1 
7 5 5 5 3 3 3 
7 7 0 0 0 3 3 
7 0 0 X X X X 
Solution for: 7/9:
5 5 3 3 3 4 X 
5 5 X 3 3 4 X 
5 5 0 0 0 4 X 
7 0 0 2 6 4 4 
7 1 1 2 6 6 6 
7 7 1 2 2 2 6 
7 1 1 X X X X 
Solution for: 8/9:
2 1 1 1 6 6 X 
2 1 X 1 6 3 X 
2 2 2 6 6 3 3 
X 0 0 0 7 3 3 
0 0 7 7 7 7 4 
5 5 5 4 4 4 4 
5 5 5 X X X X 
Solution for: 9/9:
7 4 4 4 4 6 X 
7 4 X 6 6 6 X 
7 7 2 6 0 0 0 
7 X 2 0 0 1 1 
2 2 2 3 3 3 1 
5 5 5 3 3 1 1 
5 5 5 X X X X 
Solution for: 10/9:
5 5 4 4 4 4 X 
5 5 X 3 3 4 X 
5 5 3 3 3 1 1 
6 6 X 0 0 0 1 
2 6 0 0 7 1 1 
2 6 6 7 7 7 7 
2 2 2 X X X X 
Solution for: 11/9:
5 5 7 7 7 7 X 
5 5 X 7 1 1 X 
5 5 0 0 0 1 2 
6 0 0 X 1 1 2 
6 6 6 4 2 2 2 
3 3 6 4 4 4 4 
3 3 3 X X X X 
Solution for: 12/9:
2 2 2 5 5 5 X 
2 6 X 5 5 5 X 
2 6 6 6 1 1 4 
7 3 3 6 X 1 4 
7 3 3 3 1 1 4 
7 7 0 0 0 4 4 
7 0 0 X X X X 
Solution for: 13/9:
4 4 4 4 6 6 X 
4 7 X 1 1 6 X 
7 7 7 7 1 6 6 
5 5 5 1 1 X 2 
5 5 5 0 0 0 2 
3 3 0 0 2 2 2 
3 3 3 X X X X 
Solution for: 14/9:
5 5 1 1 6 6 X 
5 5 X 1 2 6 X 
5 5 1 1 2 6 6 
7 4 2 2 2 3 X 
7 4 4 4 4 3 3 
7 7 0 0 0 3 3 
7 0 0 X X X X 
Solution for: 15/9:
4 1 1 3 3 3 X 
4 1 X 3 3 7 X 
4 1 1 7 7 7 7 
4 4 0 0 0 6 2 
X 0 0 6 6 6 2 
5 5 5 6 2 2 2 
5 5 5 X X X X 
Solution for: 16/9:
3 3 7 7 7 7 X 
3 3 X 7 1 1 X 
3 0 0 0 1 4 4 
0 0 6 6 1 1 4 
2 X 6 5 5 5 4 
2 6 6 5 5 5 4 
2 2 2 X X X X 
Solution for: 17/9:
2 1 1 1 5 5 X 
2 1 X 1 5 5 X 
2 2 2 6 5 5 4 
7 6 6 6 3 3 4 
7 6 X 3 3 3 4 
7 7 0 0 0 4 4 
7 0 0 X X X X 
Solution for: 18/9:
3 3 4 4 4 4 X 
3 3 X 1 1 4 X 
3 0 0 0 1 6 6 
0 0 7 1 1 6 2 
5 5 7 X 6 6 2 
5 5 7 7 2 2 2 
5 5 7 X X X X 
Solution for: 19/9:
4 1 1 3 6 6 X 
4 1 X 3 3 6 X 
4 1 1 3 3 6 6 
4 4 0 0 0 5 5 
2 0 0 7 X 5 5 
2 7 7 7 7 5 5 
2 2 2 X X X X 
Solution for: 20/9:
3 3 3 5 5 5 X 
3 3 X 5 5 5 X 
7 7 7 7 0 0 0 
4 4 7 0 0 1 1 
4 2 2 2 6 X 1 
4 2 6 6 6 1 1 
4 2 6 X X X X 
Solution for: 21/9:
4 1 1 5 5 5 X 
4 1 X 5 5 5 X 
4 1 1 0 0 0 6 
4 4 0 0 6 6 6 
2 3 3 3 6 7 X 
2 3 3 7 7 7 7 
2 2 2 X X X X 
Solution for: 22/9:
4 4 4 4 6 6 X 
5 5 X 4 6 0 X 
5 5 2 6 6 0 0 
5 5 2 1 1 1 0 
2 2 2 1 7 1 0 
X 3 3 7 7 7 7 
3 3 3 X X X X 
Solution for: 23/9:
3 3 3 5 5 5 X 
3 3 X 5 5 5 X 
7 7 7 7 0 0 0 
4 4 7 0 0 6 2 
4 1 1 6 6 6 2 
4 X 1 6 2 2 2 
4 1 1 X X X X 
Solution for: 24/9:
3 3 3 5 5 5 X 
3 3 X 5 5 5 X 
7 7 7 7 0 0 0 
4 4 7 0 0 6 2 
4 1 1 6 6 6 2 
4 1 X 6 2 2 2 
4 1 1 X X X X 
Solution for: 25/9:
3 3 4 4 4 4 X 
3 3 X 1 1 4 X 
3 0 0 0 1 6 6 
0 0 7 1 1 6 2 
7 7 7 7 6 6 2 
5 5 5 X 2 2 2 
5 5 5 X X X X 
Solution for: 26/9:
2 4 4 4 4 6 X 
2 4 X 6 6 6 X 
2 2 2 6 0 0 0 
3 3 3 0 0 1 1 
3 3 7 7 7 7 1 
5 5 5 7 X 1 1 
5 5 5 X X X X 
Solution for: 27/9:
4 1 1 5 5 5 X 
4 1 X 5 5 5 X 
4 1 1 0 0 0 7 
4 4 0 0 6 6 7 
2 3 3 3 6 7 7 
2 3 3 6 6 X 7 
2 2 2 X X X X 
Solution for: 28/9:
5 5 7 7 7 7 X 
5 5 X 1 7 1 X 
5 5 6 1 1 1 2 
6 6 6 0 0 0 2 
6 3 0 0 2 2 2 
3 3 4 4 4 4 X 
3 3 4 X X X X 
Solution for: 29/9:
2 1 1 1 6 6 X 
2 1 X 1 7 6 X 
2 2 2 7 7 6 6 
4 4 4 4 7 5 5 
3 3 3 4 7 5 5 
3 3 0 0 0 5 5 
X 0 0 X X X X 
Solution for: 30/9:
4 4 4 4 3 3 X 
4 7 X 3 3 3 X 
7 7 7 7 0 0 0 
5 5 5 0 0 6 2 
5 5 5 6 6 6 2 
1 1 1 6 2 2 2 
1 X 1 X X X X 
Solution for: 31/9:
3 3 7 7 7 7 X 
3 3 X 7 1 1 X 
3 0 0 0 1 4 4 
0 0 2 6 1 1 4 
5 5 2 6 6 6 4 
5 5 2 2 2 6 4 
5 5 X X X X X 
Solution for: 1/10:
3 3 4 4 4 4 X 
3 3 3 X 6 4 X 
X 0 0 0 6 6 6 
0 0 7 2 2 2 6 
1 1 7 2 5 5 5 
1 7 7 2 5 5 5 
1 1 7 X X X X 
Solution for: 2/10:
2 2 2 3 3 3 X 
4 4 2 X 3 3 X 
4 X 2 0 0 0 7 
4 6 0 0 1 1 7 
4 6 6 6 1 7 7 
5 5 5 6 1 1 7 
5 5 5 X X X X 
Solution for: 3/10:
2 2 2 3 3 3 X 
2 6 6 X 3 3 X 
2 6 X 0 0 0 7 
6 6 0 0 1 1 7 
4 4 4 4 1 7 7 
5 5 5 4 1 1 7 
5 5 5 X X X X 
Solution for: 4/10:
7 1 1 3 3 3 X 
7 7 1 X 3 3 X 
7 1 1 X 0 0 0 
7 4 4 0 0 6 2 
5 5 4 6 6 6 2 
5 5 4 6 2 2 2 
5 5 4 X X X X 
Solution for: 5/10:
0 6 6 3 3 3 X 
0 0 6 X 3 3 X 
2 0 6 6 X 1 1 
2 0 7 7 7 7 1 
2 2 2 4 7 1 1 
5 5 5 4 4 4 4 
5 5 5 X X X X 
Solution for: 6/10:
5 5 4 4 4 4 X 
5 5 4 X 0 0 X 
5 5 0 0 0 X 6 
7 2 2 2 6 6 6 
7 1 1 2 6 3 3 
7 7 1 2 3 3 3 
7 1 1 X X X X 
Solution for: 7/10:
1 1 0 0 0 7 X 
1 0 0 X 7 7 X 
1 1 5 5 5 7 X 
4 4 5 5 5 7 3 
4 2 2 2 6 3 3 
4 2 6 6 6 3 3 
4 2 6 X X X X 
Solution for: 8/10:
1 1 1 3 3 3 X 
1 7 1 X 3 3 X 
7 7 7 7 0 0 0 
X 4 4 0 0 6 2 
5 5 4 6 6 6 2 
5 5 4 6 2 2 2 
5 5 4 X X X X 
Solution for: 9/10:
1 1 0 0 0 7 X 
1 0 0 X 7 7 X 
1 1 5 5 5 7 2 
6 X 5 5 5 7 2 
6 6 6 4 2 2 2 
3 3 6 4 4 4 4 
3 3 3 X X X X 
Solution for: 10/10:
1 1 1 3 3 3 X 
1 7 1 X 3 3 X 
7 7 7 7 0 0 0 
4 4 X 0 0 5 5 
4 2 2 2 6 5 5 
4 2 6 6 6 5 5 
4 2 6 X X X X 
Solution for: 11/10:
1 1 0 0 0 4 X 
1 0 0 X 6 4 X 
1 1 6 6 6 4 7 
5 5 6 X 4 4 7 
5 5 2 3 3 7 7 
5 5 2 3 3 3 7 
2 2 2 X X X X 
Solution for: 12/10:
7 1 1 3 3 3 X 
7 7 1 X 3 3 X 
7 1 1 0 0 6 6 
7 0 0 0 X 6 2 
4 4 4 4 6 6 2 
5 5 5 4 2 2 2 
5 5 5 X X X X 
Solution for: 13/10:
6 6 1 1 1 2 X 
7 6 1 X 1 2 X 
7 6 6 2 2 2 4 
7 7 0 0 0 X 4 
7 0 0 3 3 3 4 
5 5 5 3 3 4 4 
5 5 5 X X X X 
Solution for: 14/10:
1 1 0 0 0 7 X 
1 0 0 X 6 7 X 
1 1 6 6 6 7 7 
5 5 6 3 3 7 X 
5 5 2 3 3 3 4 
5 5 2 4 4 4 4 
2 2 2 X X X X 
Solution for: 15/10:
4 4 0 0 0 7 X 
4 0 0 X 6 7 X 
4 2 6 6 6 7 7 
4 2 6 1 1 7 3 
X 2 2 2 1 3 3 
5 5 5 1 1 3 3 
5 5 5 X X X X 
Solution for: 16/10:
5 5 4 4 4 4 X 
5 5 4 X 6 0 X 
5 5 6 6 6 0 0 
1 1 6 3 3 3 0 
1 X 2 3 3 7 0 
1 1 2 7 7 7 7 
2 2 2 X X X X 
Solution for: 17/10:
1 1 0 0 0 7 X 
1 0 0 X 7 7 X 
1 1 5 5 5 7 4 
6 6 5 5 5 7 4 
2 6 X 3 3 3 4 
2 6 6 3 3 4 4 
2 2 2 X X X X 
Solution for: 18/10:
7 7 7 7 6 6 X 
3 7 1 X 1 6 X 
3 3 1 1 1 6 6 
3 3 0 0 0 5 5 
2 0 0 X 4 5 5 
2 4 4 4 4 5 5 
2 2 2 X X X X 
Solution for: 19/10:
1 1 0 0 0 4 X 
1 0 0 X 6 4 X 
1 1 6 6 6 4 7 
3 3 6 2 4 4 7 
3 3 3 2 X 7 7 
5 5 5 2 2 2 7 
5 5 5 X X X X 
Solution for: 20/10:
1 1 0 0 0 7 X 
1 0 0 X 7 7 X 
1 1 2 2 2 7 4 
3 3 6 6 2 7 4 
3 3 3 6 2 X 4 
5 5 5 6 6 4 4 
5 5 5 X X X X 
Solution for: 21/10:
5 5 5 3 3 3 X 
5 5 5 X 3 3 X 
7 7 7 7 0 0 0 
4 4 7 0 0 1 1 
4 2 2 2 6 1 X 
4 2 6 6 6 1 1 
4 2 6 X X X X 
Solution for: 22/10:
5 5 4 4 4 4 X 
5 5 2 X 7 4 X 
5 5 2 7 7 7 7 
2 2 2 0 0 0 3 
1 1 0 0 6 3 3 
X 1 6 6 6 3 3 
1 1 6 X X X X 
Solution for: 23/10:
5 5 5 3 3 3 X 
5 5 5 X 3 3 X 
7 7 7 7 0 0 0 
4 4 7 0 0 6 2 
4 1 1 6 6 6 2 
4 X 1 6 2 2 2 
4 1 1 X X X X 
Solution for: 24/10:
5 5 5 3 3 3 X 
5 5 5 X 3 3 X 
7 7 7 7 0 0 0 
4 4 7 0 0 6 2 
4 1 1 6 6 6 2 
4 1 X 6 2 2 2 
4 1 1 X X X X 
Solution for: 25/10:
1 1 0 0 0 7 X 
1 0 0 X 6 7 X 
1 1 6 6 6 7 7 
4 4 6 3 3 7 2 
4 5 5 3 3 3 2 
4 5 5 X 2 2 2 
4 5 5 X X X X 
Solution for: 26/10:
6 4 4 4 4 2 X 
6 6 6 X 4 2 X 
3 3 6 2 2 2 7 
3 3 0 0 0 7 7 
3 0 0 1 1 1 7 
5 5 5 1 X 1 7 
5 5 5 X X X X 
Solution for: 27/10:
1 1 0 0 0 4 X 
1 0 0 X 6 4 X 
1 1 6 6 6 4 7 
5 5 6 3 4 4 7 
5 5 2 3 3 7 7 
5 5 2 3 3 X 7 
2 2 2 X X X X 
Solution for: 28/10:
5 5 1 1 6 6 X 
5 5 1 X 2 6 X 
5 5 1 1 2 6 6 
7 4 2 2 2 3 3 
7 4 4 4 4 3 3 
7 7 0 0 0 3 X 
7 0 0 X X X X 
Solution for: 29/10:
1 1 1 3 3 3 X 
1 7 1 X 3 3 X 
7 7 7 7 0 0 0 
5 5 4 0 0 6 2 
5 5 4 6 6 6 2 
5 5 4 6 2 2 2 
X 4 4 X X X X 
Solution for: 30/10:
2 2 2 3 3 3 X 
2 4 4 X 3 3 X 
2 4 1 1 0 0 0 
7 4 1 0 0 5 5 
7 4 1 1 6 5 5 
7 7 6 6 6 5 5 
7 X 6 X X X X 
Solution for: 31/10:
4 4 0 0 0 3 X 
4 0 0 X 3 3 X 
4 5 5 5 3 3 7 
4 5 5 5 1 1 7 
2 2 2 6 1 7 7 
2 6 6 6 1 1 7 
2 6 X X X X X 
Solution for: 1/11:
5 5 5 1 1 1 X 
5 5 5 1 X 1 X 
X 0 0 0 2 2 2 
0 0 4 4 4 4 2 
3 3 6 6 7 4 2 
3 3 6 7 7 7 7 
3 6 6 X X X X 
Solution for: 2/11:
4 4 4 4 6 6 X 
2 2 2 4 X 6 X 
2 X 0 0 0 6 6 
2 0 0 1 1 5 5 
7 7 7 7 1 5 5 
3 3 7 1 1 5 5 
3 3 3 X X X X 
Solution for: 3/11:
4 4 4 4 1 1 X 
4 0 0 0 X 1 X 
0 0 X 7 1 1 6 
5 5 7 7 6 6 6 
5 5 2 7 6 3 3 
5 5 2 7 3 3 3 
2 2 2 X X X X 
Solution for: 4/11:
4 4 4 4 1 1 X 
4 0 0 0 X 1 X 
0 0 7 X 1 1 6 
7 7 7 7 6 6 6 
2 5 5 5 6 3 3 
2 5 5 5 3 3 3 
2 2 2 X X X X 
Solution for: 5/11:
4 4 4 4 6 6 X 
4 0 0 0 X 6 X 
0 0 3 3 X 6 6 
5 5 3 3 1 1 1 
5 5 2 3 1 7 1 
5 5 2 7 7 7 7 
2 2 2 X X X X 
Solution for: 6/11:
2 2 2 1 1 1 X 
2 6 6 1 X 1 X 
2 6 5 5 5 X 7 
6 6 5 5 5 7 7 
3 3 4 4 4 4 7 
3 3 0 0 0 4 7 
3 0 0 X X X X 
Solution for: 7/11:
2 2 2 0 0 0 X 
2 3 0 0 X 6 X 
2 3 3 6 6 6 X 
4 3 3 6 1 1 1 
4 4 4 4 1 7 1 
5 5 5 7 7 7 7 
5 5 5 X X X X 
Solution for: 8/11:
2 2 2 0 0 0 X 
2 3 0 0 X 6 X 
2 3 3 6 6 6 7 
X 3 3 6 1 1 7 
4 4 4 4 1 7 7 
5 5 5 4 1 1 7 
5 5 5 X X X X 
Solution for: 9/11:
2 2 2 0 0 0 X 
2 6 0 0 X 7 X 
2 6 6 6 7 7 4 
1 X 1 6 3 7 4 
1 1 1 3 3 7 4 
5 5 5 3 3 4 4 
5 5 5 X X X X 
Solution for: 10/11:
4 1 1 0 0 0 X 
4 1 0 0 X 7 X 
4 1 1 7 7 7 7 
4 4 X 6 6 3 3 
2 5 5 5 6 3 3 
2 5 5 5 6 6 3 
2 2 2 X X X X 
Solution for: 11/11:
4 1 1 0 0 0 X 
4 1 0 0 X 7 X 
4 1 1 7 7 7 7 
4 4 6 X 2 2 2 
6 6 6 5 5 5 2 
6 3 3 5 5 5 2 
3 3 3 X X X X 
Solution for: 12/11:
4 1 1 0 0 0 X 
4 1 0 0 X 6 X 
4 1 1 6 6 6 7 
4 4 3 6 X 7 7 
2 3 3 5 5 5 7 
2 3 3 5 5 5 7 
2 2 2 X X X X 
Solution for: 13/11:
4 4 4 4 6 6 X 
4 0 0 0 X 6 X 
0 0 5 5 5 6 6 
3 3 5 5 5 X 2 
3 3 7 7 7 7 2 
1 3 1 7 2 2 2 
1 1 1 X X X X 
Solution for: 14/11:
2 2 2 0 0 0 X 
2 4 0 0 X 7 X 
2 4 4 4 4 7 7 
5 5 5 6 6 7 X 
5 5 5 6 1 7 1 
3 3 6 6 1 1 1 
3 3 3 X X X X 
Solution for: 15/11:
1 1 1 6 6 7 X 
1 3 1 6 X 7 X 
3 3 6 6 7 7 2 
3 3 0 0 0 7 2 
X 0 0 4 2 2 2 
5 5 5 4 4 4 4 
5 5 5 X X X X 
Solution for: 16/11:
2 2 2 0 0 0 X 
2 6 0 0 X 7 X 
2 6 6 6 7 7 4 
1 1 1 6 3 7 4 
1 X 1 3 3 7 4 
5 5 5 3 3 4 4 
5 5 5 X X X X 
Solution for: 17/11:
4 4 4 4 1 1 X 
4 0 0 0 X 1 X 
0 0 3 3 1 1 7 
6 6 3 3 3 7 7 
2 6 X 5 5 5 7 
2 6 6 5 5 5 7 
2 2 2 X X X X 
Solution for: 18/11:
4 1 1 0 0 0 X 
4 1 0 0 X 6 X 
4 1 1 6 6 6 3 
4 4 7 6 2 3 3 
5 5 7 X 2 3 3 
5 5 7 7 2 2 2 
5 5 7 X X X X 
Solution for: 19/11:
4 3 3 1 1 1 X 
4 3 3 1 X 1 X 
4 3 6 6 0 0 0 
4 4 6 0 0 5 5 
2 6 6 7 X 5 5 
2 7 7 7 7 5 5 
2 2 2 X X X X 
Solution for: 20/11:
7 5 5 5 6 6 X 
7 5 5 5 X 6 X 
7 7 0 0 0 6 6 
7 0 0 4 2 1 1 
4 4 4 4 2 X 1 
3 3 2 2 2 1 1 
3 3 3 X X X X 
Solution for: 21/11:
4 4 4 4 1 1 X 
4 0 0 0 X 1 X 
0 0 3 3 1 1 6 
5 5 3 3 6 6 6 
5 5 2 3 6 7 X 
5 5 2 7 7 7 7 
2 2 2 X X X X 
Solution for: 22/11:
0 6 6 1 1 1 X 
0 0 6 1 X 1 X 
2 0 6 6 7 4 4 
2 0 7 7 7 7 4 
2 2 2 5 5 5 4 
X 3 3 5 5 5 4 
3 3 3 X X X X 
Solution for: 23/11:
2 2 2 0 0 0 X 
2 6 0 0 X 7 X 
2 6 6 6 7 7 4 
5 5 5 6 3 7 4 
5 5 5 3 3 7 4 
1 X 1 3 3 4 4 
1 1 1 X X X X 
Solution for: 24/11:
7 5 5 5 6 6 X 
7 5 5 5 X 6 X 
7 7 0 0 0 6 6 
7 0 0 4 4 4 4 
2 1 1 1 3 3 4 
2 1 X 1 3 3 3 
2 2 2 X X X X 
Solution for: 25/11:
4 1 1 0 0 0 X 
4 1 0 0 X 7 X 
4 1 1 7 7 7 7 
4 4 2 2 2 5 5 
3 3 6 6 2 5 5 
3 3 6 X 2 5 5 
3 6 6 X X X X 
Solution for: 26/11:
4 4 4 4 6 6 X 
4 0 0 0 X 6 X 
0 0 7 1 1 6 6 
7 7 7 7 1 5 5 
2 2 2 1 1 5 5 
2 3 3 3 X 5 5 
2 3 3 X X X X 
Solution for: 27/11:
4 4 4 4 1 1 X 
4 0 0 0 X 1 X 
0 0 3 3 1 1 7 
5 5 3 3 6 6 7 
5 5 2 3 6 7 7 
5 5 2 6 6 X 7 
2 2 2 X X X X 
Solution for: 28/11:
3 3 3 0 0 0 X 
3 3 0 0 X 7 X 
5 5 5 7 7 7 7 
5 5 5 6 1 1 1 
2 6 6 6 1 4 1 
2 6 4 4 4 4 X 
2 2 2 X X X X 
Solution for: 29/11:
4 1 1 0 0 0 X 
4 1 0 0 X 7 X 
4 1 1 7 7 7 7 
4 4 6 5 5 5 2 
6 6 6 5 5 5 2 
6 3 3 3 2 2 2 
X 3 3 X X X X 
Solution for: 30/11:
2 2 2 0 0 0 X 
2 6 0 0 X 7 X 
2 6 6 6 7 7 4 
5 5 5 6 3 7 4 
5 5 5 3 3 7 4 
1 1 1 3 3 4 4 
1 X 1 X X X X 
Solution for: 31/11:
2 2 2 0 0 0 X 
2 3 0 0 X 6 X 
2 3 3 6 6 6 7 
4 3 3 6 1 1 7 
4 5 5 5 1 7 7 
4 5 5 5 1 1 7 
4 4 X X X X X 
Solution for: 1/12:
3 3 7 7 7 7 X 
3 3 3 7 6 X X 
X 0 0 0 6 6 6 
0 0 4 4 4 4 6 
2 1 4 1 5 5 5 
2 1 1 1 5 5 5 
2 2 2 X X X X 
Solution for: 2/12:
3 3 3 0 0 0 X 
3 3 0 0 7 X X 
6 X 7 7 7 7 4 
6 6 6 4 4 4 4 
2 1 6 1 5 5 5 
2 1 1 1 5 5 5 
2 2 2 X X X X 
Solution for: 3/12:
4 4 4 4 6 6 X 
4 0 0 0 6 X X 
0 0 X 6 6 3 3 
7 2 2 2 3 3 3 
7 1 1 2 5 5 5 
7 7 1 2 5 5 5 
7 1 1 X X X X 
Solution for: 4/12:
2 2 2 0 0 0 X 
2 3 0 0 6 X X 
2 3 3 X 6 6 6 
7 3 3 5 5 5 6 
7 1 1 5 5 5 4 
7 7 1 4 4 4 4 
7 1 1 X X X X 
Solution for: 5/12:
0 6 6 3 3 3 X 
0 0 6 3 3 X X 
2 0 6 6 X 1 1 
2 0 7 7 7 7 1 
2 2 2 4 7 1 1 
5 5 5 4 4 4 4 
5 5 5 X X X X 
Solution for: 6/12:
1 1 7 7 7 7 X 
1 6 6 0 7 X X 
1 1 6 0 0 X 3 
5 5 6 6 0 3 3 
5 5 2 4 0 3 3 
5 5 2 4 4 4 4 
2 2 2 X X X X 
Solution for: 7/12:
3 3 3 0 0 0 X 
3 3 0 0 4 X X 
6 4 4 4 4 7 X 
6 6 6 7 7 7 7 
2 1 6 1 5 5 5 
2 1 1 1 5 5 5 
2 2 2 X X X X 
Solution for: 8/12:
2 2 2 0 0 0 X 
2 6 0 0 7 X X 
2 6 6 6 7 1 1 
X 3 3 6 7 7 1 
3 3 3 4 7 1 1 
5 5 5 4 4 4 4 
5 5 5 X X X X 
Solution for: 9/12:
2 2 2 0 0 0 X 
2 6 0 0 4 X X 
2 6 6 6 4 3 3 
1 X 1 6 4 3 3 
1 1 1 4 4 7 3 
5 5 5 7 7 7 7 
5 5 5 X X X X 
Solution for: 10/12:
2 2 2 0 0 0 X 
2 6 0 0 7 X X 
2 6 6 6 7 1 1 
3 3 X 6 7 7 1 
3 3 3 4 7 1 1 
5 5 5 4 4 4 4 
5 5 5 X X X X 
Solution for: 11/12:
4 1 1 0 0 0 X 
4 1 0 0 7 X X 
4 1 1 7 7 7 7 
4 4 6 X 2 2 2 
6 6 6 5 5 5 2 
6 3 3 5 5 5 2 
3 3 3 X X X X 
Solution for: 12/12:
3 3 3 0 0 0 X 
3 3 0 0 6 X X 
7 7 7 7 6 6 6 
5 5 7 1 X 1 6 
5 5 2 1 1 1 4 
5 5 2 4 4 4 4 
2 2 2 X X X X 
Solution for: 13/12:
3 3 3 0 0 0 X 
3 3 0 0 6 X X 
4 4 4 4 6 6 6 
4 7 7 7 7 X 6 
2 1 7 1 5 5 5 
2 1 1 1 5 5 5 
2 2 2 X X X X 
Solution for: 14/12:
3 3 3 0 0 0 X 
3 3 0 0 7 X X 
2 2 2 7 7 7 7 
2 6 4 4 4 4 X 
2 6 6 6 1 4 1 
5 5 5 6 1 1 1 
5 5 5 X X X X 
Solution for: 15/12:
2 2 2 0 0 0 X 
2 6 0 0 7 X X 
2 6 6 6 7 1 1 
3 3 3 6 7 7 1 
X 3 3 4 7 1 1 
5 5 5 4 4 4 4 
5 5 5 X X X X 
Solution for: 16/12:
2 2 2 0 0 0 X 
2 6 0 0 4 X X 
2 6 6 6 4 3 3 
1 1 1 6 4 3 3 
1 X 1 4 4 7 3 
5 5 5 7 7 7 7 
5 5 5 X X X X 
Solution for: 17/12:
2 2 2 0 0 0 X 
2 6 0 0 7 X X 
2 6 6 6 7 1 1 
3 3 3 6 7 7 1 
3 3 X 4 7 1 1 
5 5 5 4 4 4 4 
5 5 5 X X X X 
Solution for: 18/12:
4 1 1 0 0 0 X 
4 1 0 0 6 X X 
4 1 1 7 6 6 6 
4 4 7 7 7 7 6 
2 2 2 X 5 5 5 
2 3 3 3 5 5 5 
2 3 3 X X X X 
Solution for: 19/12:
3 3 3 0 0 0 X 
3 3 0 0 6 X X 
7 7 7 7 6 6 6 
5 5 7 1 1 1 6 
5 5 2 1 X 1 4 
5 5 2 4 4 4 4 
2 2 2 X X X X 
Solution for: 20/12:
3 3 3 0 0 0 X 
3 3 0 0 6 X X 
7 7 7 7 6 6 6 
4 4 7 2 2 2 6 
4 5 5 2 1 X 1 
4 5 5 2 1 1 1 
4 5 5 X X X X 
Solution for: 21/12:
3 3 3 0 0 0 X 
3 3 0 0 6 X X 
4 4 4 4 6 6 6 
4 5 5 1 1 1 6 
2 5 5 1 7 1 X 
2 5 5 7 7 7 7 
2 2 2 X X X X 
Solution for: 22/12:
2 2 2 0 0 0 X 
2 6 0 0 7 X X 
2 6 6 6 7 1 1 
5 5 5 6 7 7 1 
5 5 5 4 7 1 1 
X 3 3 4 4 4 4 
3 3 3 X X X X 
Solution for: 23/12:
3 3 3 0 0 0 X 
3 3 0 0 6 X X 
7 7 7 7 6 6 6 
4 4 7 2 2 2 6 
4 1 1 2 5 5 5 
4 X 1 2 5 5 5 
4 1 1 X X X X 
Solution for: 24/12:
2 2 2 0 0 0 X 
2 6 0 0 7 X X 
2 6 6 6 7 1 1 
5 5 5 6 7 7 1 
5 5 5 4 7 1 1 
3 3 X 4 4 4 4 
3 3 3 X X X X 
Solution for: 25/12:
4 1 1 0 0 0 X 
4 1 0 0 6 X X 
4 1 1 7 6 6 6 
4 4 7 7 7 7 6 
5 5 2 2 2 3 3 
5 5 2 X 3 3 3 
5 5 2 X X X X 
Solution for: 26/12:
4 1 1 0 0 0 X 
4 1 0 0 6 X X 
4 1 1 7 6 6 6 
4 4 7 7 7 7 6 
2 5 5 5 3 3 3 
2 5 5 5 X 3 3 
2 2 2 X X X X 
Solution for: 27/12:
3 3 3 0 0 0 X 
3 3 0 0 6 X X 
7 7 7 7 6 6 6 
4 4 7 2 2 2 6 
4 5 5 2 1 1 1 
4 5 5 2 1 X 1 
4 5 5 X X X X 
Solution for: 28/12:
3 3 3 0 0 0 X 
3 3 0 0 7 X X 
5 5 5 7 7 7 7 
5 5 5 6 1 1 1 
2 6 6 6 1 4 1 
2 6 4 4 4 4 X 
2 2 2 X X X X 
Solution for: 29/12:
2 2 2 0 0 0 X 
2 6 0 0 7 X X 
2 6 6 6 7 1 1 
5 5 5 6 7 7 1 
5 5 5 4 7 1 1 
3 3 3 4 4 4 4 
X 3 3 X X X X 
Solution for: 30/12:
2 2 2 0 0 0 X 
2 6 0 0 4 X X 
2 6 6 6 4 3 3 
5 5 5 6 4 3 3 
5 5 5 4 4 7 3 
1 1 1 7 7 7 7 
1 X 1 X X X X 
Solution for: 31/12:
2 2 2 0 0 0 X 
2 6 0 0 7 X X 
2 6 6 6 7 1 1 
5 5 5 6 7 7 1 
5 5 5 4 7 1 1 
3 3 3 4 4 4 4 
3 3 X X X X X 
